$
compound_name: Acetamiprid
mw: 222.67
-
x,tier1,tier2,tier3
1.578849868,0.0177,0.0394,-0.0098
3.157699735,-0.0054,0.046,0.0215
6.31539947,0.0673,0.1541,0.1022
12.63079894,0.1832,0.1768,0.1717
25.26159788,0.3636,0.3025,0.298
50.52319576,0.5606,0.4916,0.4798
101.0463915,0.6803,0.6362,0.6044
202.092783,0.7704,0.748,0.7199
404.1855661,0.8962,0.8569,0.7631
-
$

$
compound_name: Clomazone
mw: 239.70
-
x,tier1,tier2,tier3
3.666692741,0.001,-0.0199,0.0163
7.333385482,0.0766,0.0472,0.048
14.66677096,0.1525,0.0649,0.1079
29.33354193,0.2646,0.2525,0.1896
58.66708385,0.3592,0.3954,0.3548
117.3341677,0.5858,0.5667,0.5179
234.6683354,0.7381,0.7281,0.7093
469.3366708,0.8652,0.8603,0.841
938.6733417,0.9497,0.952,0.9427
-
$
